00000000: 01110100 00001101 00011000 01000001 10000110 10011011  t..A..
00000006: 01110010 01001000 11000111 11110010 10110100 01100001  rH...a
0000000c: 10000000 01101010 01001100 01100001 11110111 01001101  .jLa.M
00000012: 10001110 11110101 11001001 11001111 11101100 10111101  ......
00000018: 00011011 00111111 11100111 00101100 10011111 01100101  .?.,.e
0000001e: 00001101 00011100 11001011 10110000 11010110 10011000  ......
00000024: 01100011 10000111 00110111 00110110 10010001 01011101  c.76.]
0000002a: 01101100 01110000 10010101 10100111 00000111 01111000  lp...x
00000030: 10010111 00101100 11010100 11010000 11101100 10010100  .,....
00000036: 00000101 01100111 00100100 00101011 10110010 10111000  .g$+..
0000003c: 00111110 10001010 01110011 10101101 00010100 01100001  >.s..a
00000042: 01011001 00001101 01101010 10011011 11000111 00101100  Y.j..,
00000048: 11011001 01011001 00111111 00011000 00100010 11111101  .Y?.".
0000004e: 11010110 11100011 10011000 01001000 01111111 00100100  ...H.$
00000054: 01111010 00100010 10000000 11111111 01000101 11001010  z"..E.
0000005a: 10000000 00000011 10101011 10011001 00011111 10010100  ......
00000060: 00101111 11101110 00100110 11101000 00001010           /.&..
